{
  "left": {
    "precision": 0.920846586738439,
    "recall": 0.926913367403485,
    "f1-score": 0.9238700174905643,
    "support": 16241.0
  },
  "right": {
    "precision": 0.9653440775451811,
    "recall": 0.9623377379358519,
    "f1-score": 0.9638385634537743,
    "support": 34358.0
  },
  "accuracy": 0.9509674104231309,
  "macro avg": {
    "precision": 0.9430953321418101,
    "recall": 0.9446255526696684,
    "f1-score": 0.9438542904721693,
    "support": 50599.0
  },
  "weighted avg": {
    "precision": 0.9510615077672746,
    "recall": 0.9509674104231309,
    "f1-score": 0.9510096704916903,
    "support": 50599.0
  }
}