{
  "left": {
    "precision": 0.9456066945606695,
    "recall": 0.8401486988847584,
    "f1-score": 0.889763779527559,
    "support": 269.0
  },
  "right": {
    "precision": 0.29508196721311475,
    "recall": 0.5806451612903226,
    "f1-score": 0.391304347826087,
    "support": 31.0
  },
  "accuracy": 0.8133333333333334,
  "macro avg": {
    "precision": 0.6203443308868921,
    "recall": 0.7103969300875406,
    "f1-score": 0.640534063676823,
    "support": 300.0
  },
  "weighted avg": {
    "precision": 0.8783858060680888,
    "recall": 0.8133333333333334,
    "f1-score": 0.838256304918407,
    "support": 300.0
  }
}