{
  "left": {
    "precision": 0.8911468457324616,
    "recall": 0.9315313096484207,
    "f1-score": 0.9108916852308989,
    "support": 16241.0
  },
  "right": {
    "precision": 0.9669264172268158,
    "recall": 0.9462134000814948,
    "f1-score": 0.9564577817005001,
    "support": 34358.0
  },
  "accuracy": 0.9415008201743117,
  "macro avg": {
    "precision": 0.9290366314796388,
    "recall": 0.9388723548649578,
    "f1-score": 0.9336747334656995,
    "support": 50599.0
  },
  "weighted avg": {
    "precision": 0.942603090270951,
    "recall": 0.9415008201743117,
    "f1-score": 0.9418322165161528,
    "support": 50599.0
  }
}