{
  "left": {
    "precision": 0.929613307677984,
    "recall": 0.9221722800320178,
    "f1-score": 0.92587784371909,
    "support": 16241.0
  },
  "right": {
    "precision": 0.9633495708652284,
    "recall": 0.9669945864136446,
    "f1-score": 0.9651686372483514,
    "support": 34358.0
  },
  "accuracy": 0.9526077590466214,
  "macro avg": {
    "precision": 0.9464814392716062,
    "recall": 0.9445834332228311,
    "f1-score": 0.9455232404837207,
    "support": 50599.0
  },
  "weighted avg": {
    "precision": 0.9525210831396996,
    "recall": 0.9526077590466214,
    "f1-score": 0.952557285685895,
    "support": 50599.0
  }
}