{
  "left": {
    "precision": 0.9231935014548982,
    "recall": 0.9376885659750015,
    "f1-score": 0.930384580138681,
    "support": 16241.0
  },
  "right": {
    "precision": 0.9703251913321409,
    "recall": 0.9631235811164794,
    "f1-score": 0.9667109741312572,
    "support": 34358.0
  },
  "accuracy": 0.9549595841815056,
  "macro avg": {
    "precision": 0.9467593463935196,
    "recall": 0.9504060735457405,
    "f1-score": 0.9485477771349691,
    "support": 50599.0
  },
  "weighted avg": {
    "precision": 0.9551971102377259,
    "recall": 0.9549595841815056,
    "f1-score": 0.9550511198884177,
    "support": 50599.0
  }
}